crop,period_start,period_end,label,mean_C,std_C,var_C,temp_status,temp_detail,temp_score
cacao_ccn51,2016-01-01,2016-01-15,2016-01_Q1,27.41,0.72,0.52,VIABLE,optimal temperature range,1.0
cacao_ccn51,2016-01-16,2016-01-31,2016-01_Q2,28.36,0.6,0.36,VIABLE,optimal temperature range,1.0
cacao_ccn51,2016-02-01,2016-02-15,2016-02_Q1,29.5,0.61,0.37,VIABLE,optimal temperature range,1.0
cacao_ccn51,2016-02-16,2016-02-29,2016-02_Q2,29.38,1.07,1.14,VIABLE,optimal temperature range,1.0
cacao_ccn51,2016-03-01,2016-03-15,2016-03_Q1,29.38,1.11,1.24,VIABLE,optimal temperature range,1.0
cacao_ccn51,2016-03-16,2016-03-31,2016-03_Q2,29.42,1.29,1.68,VIABLE,optimal temperature range,1.0
cacao_ccn51,2016-04-01,2016-04-15,2016-04_Q1,27.47,1.1,1.21,VIABLE,optimal temperature range,1.0
cacao_ccn51,2016-04-16,2016-04-30,2016-04_Q2,27.22,0.74,0.55,VIABLE,optimal temperature range,1.0
cacao_ccn51,2016-05-01,2016-05-15,2016-05_Q1,26.94,1.01,1.02,VIABLE,optimal temperature range,1.0
cacao_ccn51,2016-05-16,2016-05-31,2016-05_Q2,27.74,0.94,0.89,VIABLE,optimal temperature range,1.0
cacao_ccn51,2016-06-01,2016-06-15,2016-06_Q1,26.61,0.8,0.64,VIABLE,optimal temperature range,1.0
cacao_ccn51,2016-06-16,2016-06-30,2016-06_Q2,27.36,0.82,0.66,VIABLE,optimal temperature range,1.0
cacao_ccn51,2016-07-01,2016-07-15,2016-07_Q1,26.74,1.06,1.12,VIABLE,optimal temperature range,1.0
cacao_ccn51,2016-07-16,2016-07-31,2016-07_Q2,26.36,0.87,0.75,VIABLE,optimal temperature range,1.0
cacao_ccn51,2016-08-01,2016-08-15,2016-08_Q1,27.35,0.53,0.28,VIABLE,optimal temperature range,1.0
cacao_ccn51,2016-08-16,2016-08-31,2016-08_Q2,27.23,0.85,0.72,VIABLE,optimal temperature range,1.0
cacao_ccn51,2016-09-01,2016-09-15,2016-09_Q1,25.78,0.7,0.49,VIABLE,optimal temperature range,1.0
cacao_ccn51,2016-09-16,2016-09-30,2016-09_Q2,26.82,0.46,0.21,VIABLE,optimal temperature range,1.0
cacao_ccn51,2016-10-01,2016-10-15,2016-10_Q1,25.7,0.78,0.6,VIABLE,optimal temperature range,1.0
cacao_ccn51,2016-10-16,2016-10-31,2016-10_Q2,25.8,0.63,0.4,VIABLE,optimal temperature range,1.0
cacao_ccn51,2016-11-01,2016-11-15,2016-11_Q1,25.84,0.85,0.72,VIABLE,optimal temperature range,1.0
cacao_ccn51,2016-11-16,2016-11-30,2016-11_Q2,25.6,0.53,0.29,VIABLE,optimal temperature range,1.0
cacao_ccn51,2016-12-01,2016-12-15,2016-12_Q1,25.52,0.44,0.19,VIABLE,optimal temperature range,1.0
cacao_ccn51,2016-12-16,2016-12-31,2016-12_Q2,25.78,0.59,0.35,VIABLE,optimal temperature range,1.0
cacao_ccn51,2017-01-01,2017-01-15,2017-01_Q1,25.99,0.74,0.55,VIABLE,optimal temperature range,1.0
cacao_ccn51,2017-01-16,2017-01-31,2017-01_Q2,26.68,0.77,0.6,VIABLE,optimal temperature range,1.0
cacao_ccn51,2017-02-01,2017-02-15,2017-02_Q1,28.35,0.67,0.45,VIABLE,optimal temperature range,1.0
cacao_ccn51,2017-02-16,2017-02-28,2017-02_Q2,29.07,0.52,0.27,VIABLE,optimal temperature range,1.0
cacao_ccn51,2017-03-01,2017-03-15,2017-03_Q1,28.4,1.51,2.29,VIABLE,optimal temperature range,1.0
cacao_ccn51,2017-03-16,2017-03-31,2017-03_Q2,26.57,0.74,0.55,VIABLE,optimal temperature range,1.0
cacao_ccn51,2017-04-01,2017-04-15,2017-04_Q1,27.67,1.05,1.11,VIABLE,optimal temperature range,1.0
cacao_ccn51,2017-04-16,2017-04-30,2017-04_Q2,27.42,0.94,0.88,VIABLE,optimal temperature range,1.0
cacao_ccn51,2017-05-01,2017-05-15,2017-05_Q1,26.37,0.77,0.6,VIABLE,optimal temperature range,1.0
cacao_ccn51,2017-05-16,2017-05-31,2017-05_Q2,27.34,0.77,0.6,VIABLE,optimal temperature range,1.0
cacao_ccn51,2017-06-01,2017-06-15,2017-06_Q1,26.99,1.37,1.87,VIABLE,optimal temperature range,1.0
cacao_ccn51,2017-06-16,2017-06-30,2017-06_Q2,26.56,0.58,0.33,VIABLE,optimal temperature range,1.0
cacao_ccn51,2017-07-01,2017-07-15,2017-07_Q1,27.39,0.74,0.55,VIABLE,optimal temperature range,1.0
cacao_ccn51,2017-07-16,2017-07-31,2017-07_Q2,27.37,0.84,0.71,VIABLE,optimal temperature range,1.0
cacao_ccn51,2017-08-01,2017-08-15,2017-08_Q1,27.46,0.93,0.86,VIABLE,optimal temperature range,1.0
cacao_ccn51,2017-08-16,2017-08-31,2017-08_Q2,26.71,0.89,0.79,VIABLE,optimal temperature range,1.0
cacao_ccn51,2017-09-01,2017-09-15,2017-09_Q1,26.98,1.08,1.17,VIABLE,optimal temperature range,1.0
cacao_ccn51,2017-09-16,2017-09-30,2017-09_Q2,27.2,0.72,0.52,VIABLE,optimal temperature range,1.0
cacao_ccn51,2017-10-01,2017-10-15,2017-10_Q1,26.61,0.76,0.57,VIABLE,optimal temperature range,1.0
cacao_ccn51,2017-10-16,2017-10-31,2017-10_Q2,26.94,1.23,1.52,VIABLE,optimal temperature range,1.0
cacao_ccn51,2017-11-01,2017-11-15,2017-11_Q1,26.11,0.35,0.12,VIABLE,optimal temperature range,1.0
cacao_ccn51,2017-11-16,2017-11-30,2017-11_Q2,25.93,0.65,0.42,VIABLE,optimal temperature range,1.0
cacao_ccn51,2017-12-01,2017-12-15,2017-12_Q1,26.19,0.76,0.57,VIABLE,optimal temperature range,1.0
cacao_ccn51,2017-12-16,2017-12-31,2017-12_Q2,26.48,0.59,0.35,VIABLE,optimal temperature range,1.0
cacao_ccn51,2018-01-01,2018-01-15,2018-01_Q1,25.3,0.66,0.43,VIABLE,optimal temperature range,1.0
cacao_ccn51,2018-01-16,2018-01-31,2018-01_Q2,26.59,0.96,0.91,VIABLE,optimal temperature range,1.0
cacao_ccn51,2018-02-01,2018-02-15,2018-02_Q1,27.85,0.28,0.08,VIABLE,optimal temperature range,1.0
cacao_ccn51,2018-02-16,2018-02-28,2018-02_Q2,28.83,0.17,0.03,VIABLE,optimal temperature range,1.0
cacao_ccn51,2018-03-01,2018-03-15,2018-03_Q1,29.65,1.01,1.03,VIABLE,optimal temperature range,1.0
cacao_ccn51,2018-03-16,2018-03-31,2018-03_Q2,27.82,0.72,0.52,VIABLE,optimal temperature range,1.0
cacao_ccn51,2018-04-01,2018-04-15,2018-04_Q1,25.95,0.93,0.86,VIABLE,optimal temperature range,1.0
cacao_ccn51,2018-04-16,2018-04-30,2018-04_Q2,27.11,0.79,0.62,VIABLE,optimal temperature range,1.0
cacao_ccn51,2018-05-01,2018-05-15,2018-05_Q1,26.18,0.85,0.72,VIABLE,optimal temperature range,1.0
cacao_ccn51,2018-05-16,2018-05-31,2018-05_Q2,26.3,0.6,0.36,VIABLE,optimal temperature range,1.0
cacao_ccn51,2018-06-01,2018-06-15,2018-06_Q1,27.42,0.52,0.27,VIABLE,optimal temperature range,1.0
cacao_ccn51,2018-06-16,2018-06-30,2018-06_Q2,26.97,0.73,0.54,VIABLE,optimal temperature range,1.0
cacao_ccn51,2018-07-01,2018-07-15,2018-07_Q1,27.45,0.8,0.64,VIABLE,optimal temperature range,1.0
cacao_ccn51,2018-07-16,2018-07-31,2018-07_Q2,27.92,1.0,1.0,VIABLE,optimal temperature range,1.0
cacao_ccn51,2018-08-01,2018-08-15,2018-08_Q1,27.33,0.98,0.95,VIABLE,optimal temperature range,1.0
cacao_ccn51,2018-08-16,2018-08-31,2018-08_Q2,28.52,0.53,0.28,VIABLE,optimal temperature range,1.0
cacao_ccn51,2018-09-01,2018-09-15,2018-09_Q1,26.79,1.41,1.98,VIABLE,optimal temperature range,1.0
cacao_ccn51,2018-09-16,2018-09-30,2018-09_Q2,26.91,0.81,0.65,VIABLE,optimal temperature range,1.0
cacao_ccn51,2018-10-01,2018-10-15,2018-10_Q1,25.85,0.71,0.51,VIABLE,optimal temperature range,1.0
cacao_ccn51,2018-10-16,2018-10-31,2018-10_Q2,25.89,0.7,0.5,VIABLE,optimal temperature range,1.0
cacao_ccn51,2018-11-01,2018-11-15,2018-11_Q1,26.04,0.75,0.56,VIABLE,optimal temperature range,1.0
cacao_ccn51,2018-11-16,2018-11-30,2018-11_Q2,26.2,0.55,0.3,VIABLE,optimal temperature range,1.0
cacao_ccn51,2018-12-01,2018-12-15,2018-12_Q1,26.87,0.61,0.38,VIABLE,optimal temperature range,1.0
cacao_ccn51,2018-12-16,2018-12-31,2018-12_Q2,27.71,0.44,0.2,VIABLE,optimal temperature range,1.0
cacao_ccn51,2019-01-01,2019-01-15,2019-01_Q1,27.74,0.94,0.88,VIABLE,optimal temperature range,1.0
cacao_ccn51,2019-01-16,2019-01-31,2019-01_Q2,28.95,0.65,0.43,VIABLE,optimal temperature range,1.0
cacao_ccn51,2019-02-01,2019-02-15,2019-02_Q1,29.66,0.4,0.16,VIABLE,optimal temperature range,1.0
cacao_ccn51,2019-02-16,2019-02-28,2019-02_Q2,29.51,0.53,0.28,VIABLE,optimal temperature range,1.0
cacao_ccn51,2019-03-01,2019-03-15,2019-03_Q1,28.98,0.79,0.62,VIABLE,optimal temperature range,1.0
cacao_ccn51,2019-03-16,2019-03-31,2019-03_Q2,28.0,1.09,1.19,VIABLE,optimal temperature range,1.0
cacao_ccn51,2019-04-01,2019-04-15,2019-04_Q1,27.59,0.81,0.66,VIABLE,optimal temperature range,1.0
cacao_ccn51,2019-04-16,2019-04-30,2019-04_Q2,27.24,1.22,1.49,VIABLE,optimal temperature range,1.0
cacao_ccn51,2019-05-01,2019-05-15,2019-05_Q1,27.88,1.45,2.1,VIABLE,optimal temperature range,1.0
cacao_ccn51,2019-05-16,2019-05-31,2019-05_Q2,26.22,0.71,0.51,VIABLE,optimal temperature range,1.0
cacao_ccn51,2019-06-01,2019-06-15,2019-06_Q1,27.04,0.91,0.83,VIABLE,optimal temperature range,1.0
cacao_ccn51,2019-06-16,2019-06-30,2019-06_Q2,27.92,0.64,0.41,VIABLE,optimal temperature range,1.0
cacao_ccn51,2019-07-01,2019-07-15,2019-07_Q1,27.41,0.77,0.6,VIABLE,optimal temperature range,1.0
cacao_ccn51,2019-07-16,2019-07-31,2019-07_Q2,27.82,0.92,0.84,VIABLE,optimal temperature range,1.0
cacao_ccn51,2019-08-01,2019-08-15,2019-08_Q1,28.6,0.52,0.27,VIABLE,optimal temperature range,1.0
cacao_ccn51,2019-08-16,2019-08-31,2019-08_Q2,28.43,1.32,1.74,VIABLE,optimal temperature range,1.0
cacao_ccn51,2019-09-01,2019-09-15,2019-09_Q1,29.48,0.39,0.15,VIABLE,optimal temperature range,1.0
cacao_ccn51,2019-09-16,2019-09-30,2019-09_Q2,26.6,0.97,0.94,VIABLE,optimal temperature range,1.0
cacao_ccn51,2019-10-01,2019-10-15,2019-10_Q1,26.07,0.61,0.37,VIABLE,optimal temperature range,1.0
cacao_ccn51,2019-10-16,2019-10-31,2019-10_Q2,26.01,0.67,0.45,VIABLE,optimal temperature range,1.0
cacao_ccn51,2019-11-01,2019-11-15,2019-11_Q1,25.9,0.77,0.6,VIABLE,optimal temperature range,1.0
cacao_ccn51,2019-11-16,2019-11-30,2019-11_Q2,26.34,0.79,0.63,VIABLE,optimal temperature range,1.0
cacao_ccn51,2019-12-01,2019-12-15,2019-12_Q1,26.13,0.66,0.43,VIABLE,optimal temperature range,1.0
cacao_ccn51,2019-12-16,2019-12-31,2019-12_Q2,26.92,0.62,0.38,VIABLE,optimal temperature range,1.0
cacao_ccn51,2020-01-01,2020-01-15,2020-01_Q1,26.43,0.72,0.52,VIABLE,optimal temperature range,1.0
cacao_ccn51,2020-01-16,2020-01-31,2020-01_Q2,27.27,0.99,0.97,VIABLE,optimal temperature range,1.0
cacao_ccn51,2020-02-01,2020-02-15,2020-02_Q1,28.37,0.58,0.34,VIABLE,optimal temperature range,1.0
cacao_ccn51,2020-02-16,2020-02-29,2020-02_Q2,28.89,1.24,1.53,VIABLE,optimal temperature range,1.0
cacao_ccn51,2020-03-01,2020-03-15,2020-03_Q1,29.39,0.84,0.71,VIABLE,optimal temperature range,1.0
cacao_ccn51,2020-03-16,2020-03-31,2020-03_Q2,29.53,0.77,0.6,VIABLE,optimal temperature range,1.0
cacao_ccn51,2020-04-01,2020-04-15,2020-04_Q1,27.87,0.83,0.69,VIABLE,optimal temperature range,1.0
cacao_ccn51,2020-04-16,2020-04-30,2020-04_Q2,27.2,0.61,0.38,VIABLE,optimal temperature range,1.0
cacao_ccn51,2020-05-01,2020-05-15,2020-05_Q1,27.2,0.94,0.88,VIABLE,optimal temperature range,1.0
cacao_ccn51,2020-05-16,2020-05-31,2020-05_Q2,26.92,1.4,1.96,VIABLE,optimal temperature range,1.0
cacao_ccn51,2020-06-01,2020-06-15,2020-06_Q1,26.25,0.71,0.5,VIABLE,optimal temperature range,1.0
cacao_ccn51,2020-06-16,2020-06-30,2020-06_Q2,26.32,0.79,0.63,VIABLE,optimal temperature range,1.0
cacao_ccn51,2020-07-01,2020-07-15,2020-07_Q1,25.42,0.76,0.57,VIABLE,optimal temperature range,1.0
cacao_ccn51,2020-07-16,2020-07-31,2020-07_Q2,26.12,1.13,1.29,VIABLE,optimal temperature range,1.0
cacao_ccn51,2020-08-01,2020-08-15,2020-08_Q1,27.12,0.78,0.61,VIABLE,optimal temperature range,1.0
cacao_ccn51,2020-08-16,2020-08-31,2020-08_Q2,25.1,0.56,0.31,VIABLE,optimal temperature range,1.0
cacao_ccn51,2020-09-01,2020-09-15,2020-09_Q1,26.04,0.87,0.75,VIABLE,optimal temperature range,1.0
cacao_ccn51,2020-09-16,2020-09-30,2020-09_Q2,25.8,0.76,0.58,VIABLE,optimal temperature range,1.0
cacao_ccn51,2020-10-01,2020-10-15,2020-10_Q1,26.22,0.66,0.43,VIABLE,optimal temperature range,1.0
cacao_ccn51,2020-10-16,2020-10-31,2020-10_Q2,25.92,0.8,0.64,VIABLE,optimal temperature range,1.0
cacao_ccn51,2020-11-01,2020-11-15,2020-11_Q1,25.53,0.73,0.53,VIABLE,optimal temperature range,1.0
cacao_ccn51,2020-11-16,2020-11-30,2020-11_Q2,25.49,0.56,0.32,VIABLE,optimal temperature range,1.0
cacao_ccn51,2020-12-01,2020-12-15,2020-12_Q1,25.8,0.58,0.33,VIABLE,optimal temperature range,1.0
cacao_ccn51,2020-12-16,2020-12-31,2020-12_Q2,25.77,0.52,0.27,VIABLE,optimal temperature range,1.0
cacao_ccn51,2021-01-01,2021-01-15,2021-01_Q1,26.0,0.41,0.17,VIABLE,optimal temperature range,1.0
cacao_ccn51,2021-01-16,2021-01-31,2021-01_Q2,26.83,0.62,0.39,VIABLE,optimal temperature range,1.0
cacao_ccn51,2021-02-01,2021-02-15,2021-02_Q1,28.77,0.37,0.14,VIABLE,optimal temperature range,1.0
cacao_ccn51,2021-02-16,2021-02-28,2021-02_Q2,28.74,0.91,0.83,VIABLE,optimal temperature range,1.0
cacao_ccn51,2021-03-01,2021-03-15,2021-03_Q1,28.51,0.94,0.89,VIABLE,optimal temperature range,1.0
cacao_ccn51,2021-03-16,2021-03-31,2021-03_Q2,26.62,0.77,0.6,VIABLE,optimal temperature range,1.0
cacao_ccn51,2021-04-01,2021-04-15,2021-04_Q1,26.65,0.71,0.51,VIABLE,optimal temperature range,1.0
cacao_ccn51,2021-04-16,2021-04-30,2021-04_Q2,26.24,1.11,1.23,VIABLE,optimal temperature range,1.0
cacao_ccn51,2021-05-01,2021-05-15,2021-05_Q1,26.12,1.11,1.22,VIABLE,optimal temperature range,1.0
cacao_ccn51,2021-05-16,2021-05-31,2021-05_Q2,26.06,0.92,0.86,VIABLE,optimal temperature range,1.0
cacao_ccn51,2021-06-01,2021-06-15,2021-06_Q1,25.59,0.93,0.86,VIABLE,optimal temperature range,1.0
cacao_ccn51,2021-06-16,2021-06-30,2021-06_Q2,25.75,0.85,0.73,VIABLE,optimal temperature range,1.0
cacao_ccn51,2021-07-01,2021-07-15,2021-07_Q1,26.39,0.54,0.29,VIABLE,optimal temperature range,1.0
cacao_ccn51,2021-07-16,2021-07-31,2021-07_Q2,26.36,1.19,1.41,VIABLE,optimal temperature range,1.0
cacao_ccn51,2021-08-01,2021-08-15,2021-08_Q1,26.24,1.07,1.14,VIABLE,optimal temperature range,1.0
cacao_ccn51,2021-08-16,2021-08-31,2021-08_Q2,25.41,0.75,0.56,VIABLE,optimal temperature range,1.0
cacao_ccn51,2021-09-01,2021-09-15,2021-09_Q1,25.79,0.56,0.31,VIABLE,optimal temperature range,1.0
cacao_ccn51,2021-09-16,2021-09-30,2021-09_Q2,26.24,0.87,0.76,VIABLE,optimal temperature range,1.0
cacao_ccn51,2021-10-01,2021-10-15,2021-10_Q1,25.77,0.61,0.37,VIABLE,optimal temperature range,1.0
cacao_ccn51,2021-10-16,2021-10-31,2021-10_Q2,25.23,0.6,0.36,VIABLE,optimal temperature range,1.0
cacao_ccn51,2021-11-01,2021-11-15,2021-11_Q1,25.39,0.64,0.41,VIABLE,optimal temperature range,1.0
cacao_ccn51,2021-11-16,2021-11-30,2021-11_Q2,25.21,0.74,0.55,VIABLE,optimal temperature range,1.0
cacao_ccn51,2021-12-01,2021-12-15,2021-12_Q1,26.13,0.58,0.34,VIABLE,optimal temperature range,1.0
cacao_ccn51,2021-12-16,2021-12-31,2021-12_Q2,25.43,0.28,0.08,VIABLE,optimal temperature range,1.0
cacao_ccn51,2022-01-01,2022-01-15,2022-01_Q1,25.66,0.4,0.16,VIABLE,optimal temperature range,1.0
cacao_ccn51,2022-01-16,2022-01-31,2022-01_Q2,26.37,0.54,0.29,VIABLE,optimal temperature range,1.0
cacao_ccn51,2022-02-01,2022-02-15,2022-02_Q1,26.24,0.72,0.51,VIABLE,optimal temperature range,1.0
cacao_ccn51,2022-02-16,2022-02-28,2022-02_Q2,27.05,0.95,0.9,VIABLE,optimal temperature range,1.0
cacao_ccn51,2022-03-01,2022-03-15,2022-03_Q1,25.58,0.57,0.33,VIABLE,optimal temperature range,1.0
cacao_ccn51,2022-03-16,2022-03-31,2022-03_Q2,26.34,0.67,0.45,VIABLE,optimal temperature range,1.0
cacao_ccn51,2022-04-01,2022-04-15,2022-04_Q1,26.39,0.73,0.53,VIABLE,optimal temperature range,1.0
cacao_ccn51,2022-04-16,2022-04-30,2022-04_Q2,25.29,1.08,1.17,VIABLE,optimal temperature range,1.0
cacao_ccn51,2022-05-01,2022-05-15,2022-05_Q1,26.06,0.92,0.85,VIABLE,optimal temperature range,1.0
cacao_ccn51,2022-05-16,2022-05-31,2022-05_Q2,25.68,0.77,0.59,VIABLE,optimal temperature range,1.0
cacao_ccn51,2022-06-01,2022-06-15,2022-06_Q1,24.9,0.71,0.5,VIABLE,optimal temperature range,1.0
cacao_ccn51,2022-06-16,2022-06-30,2022-06_Q2,24.96,0.8,0.64,VIABLE,optimal temperature range,1.0
cacao_ccn51,2022-07-01,2022-07-15,2022-07_Q1,25.78,0.79,0.62,VIABLE,optimal temperature range,1.0
cacao_ccn51,2022-07-16,2022-07-31,2022-07_Q2,25.49,0.93,0.87,VIABLE,optimal temperature range,1.0
cacao_ccn51,2022-08-01,2022-08-15,2022-08_Q1,25.62,0.85,0.72,VIABLE,optimal temperature range,1.0
cacao_ccn51,2022-08-16,2022-08-31,2022-08_Q2,26.09,0.69,0.48,VIABLE,optimal temperature range,1.0
cacao_ccn51,2022-09-01,2022-09-15,2022-09_Q1,26.44,0.67,0.45,VIABLE,optimal temperature range,1.0
cacao_ccn51,2022-09-16,2022-09-30,2022-09_Q2,25.76,0.64,0.4,VIABLE,optimal temperature range,1.0
cacao_ccn51,2022-10-01,2022-10-15,2022-10_Q1,25.82,0.68,0.46,VIABLE,optimal temperature range,1.0
cacao_ccn51,2022-10-16,2022-10-31,2022-10_Q2,25.27,0.48,0.23,VIABLE,optimal temperature range,1.0
cacao_ccn51,2022-11-01,2022-11-15,2022-11_Q1,25.58,0.65,0.42,VIABLE,optimal temperature range,1.0
cacao_ccn51,2022-11-16,2022-11-30,2022-11_Q2,25.27,0.64,0.41,VIABLE,optimal temperature range,1.0
cacao_ccn51,2022-12-01,2022-12-15,2022-12_Q1,25.47,0.41,0.17,VIABLE,optimal temperature range,1.0
cacao_ccn51,2022-12-16,2022-12-31,2022-12_Q2,26.48,0.34,0.12,VIABLE,optimal temperature range,1.0
cacao_ccn51,2023-01-01,2023-01-15,2023-01_Q1,25.08,0.82,0.67,VIABLE,optimal temperature range,1.0
cacao_ccn51,2023-01-16,2023-01-31,2023-01_Q2,25.94,0.44,0.19,VIABLE,optimal temperature range,1.0
cacao_ccn51,2023-02-01,2023-02-15,2023-02_Q1,27.52,0.69,0.48,VIABLE,optimal temperature range,1.0
cacao_ccn51,2023-02-16,2023-02-28,2023-02_Q2,27.91,0.83,0.69,VIABLE,optimal temperature range,1.0
cacao_ccn51,2023-03-01,2023-03-15,2023-03_Q1,26.16,2.0,3.99,VIABLE,optimal temperature range,1.0
cacao_ccn51,2023-03-16,2023-03-31,2023-03_Q2,26.43,0.95,0.9,VIABLE,optimal temperature range,1.0
cacao_ccn51,2023-04-01,2023-04-15,2023-04_Q1,26.96,0.99,0.98,VIABLE,optimal temperature range,1.0
cacao_ccn51,2023-04-16,2023-04-30,2023-04_Q2,25.79,0.76,0.58,VIABLE,optimal temperature range,1.0
cacao_ccn51,2023-05-01,2023-05-15,2023-05_Q1,28.18,1.02,1.03,VIABLE,optimal temperature range,1.0
cacao_ccn51,2023-05-16,2023-05-31,2023-05_Q2,26.5,0.72,0.52,VIABLE,optimal temperature range,1.0
cacao_ccn51,2023-06-01,2023-06-15,2023-06_Q1,26.91,0.78,0.6,VIABLE,optimal temperature range,1.0
cacao_ccn51,2023-06-16,2023-06-30,2023-06_Q2,26.88,1.25,1.55,VIABLE,optimal temperature range,1.0
cacao_ccn51,2023-07-01,2023-07-15,2023-07_Q1,26.82,0.9,0.8,VIABLE,optimal temperature range,1.0
cacao_ccn51,2023-07-16,2023-07-31,2023-07_Q2,28.11,0.72,0.52,VIABLE,optimal temperature range,1.0
cacao_ccn51,2023-08-01,2023-08-15,2023-08_Q1,28.43,0.86,0.75,VIABLE,optimal temperature range,1.0
cacao_ccn51,2023-08-16,2023-08-31,2023-08_Q2,27.1,1.08,1.16,VIABLE,optimal temperature range,1.0
cacao_ccn51,2023-09-01,2023-09-15,2023-09_Q1,27.46,0.9,0.81,VIABLE,optimal temperature range,1.0
cacao_ccn51,2023-09-16,2023-09-30,2023-09_Q2,27.58,0.67,0.45,VIABLE,optimal temperature range,1.0
cacao_ccn51,2023-10-01,2023-10-15,2023-10_Q1,26.93,0.89,0.8,VIABLE,optimal temperature range,1.0
cacao_ccn51,2023-10-16,2023-10-31,2023-10_Q2,26.27,0.81,0.66,VIABLE,optimal temperature range,1.0
cacao_ccn51,2023-11-01,2023-11-15,2023-11_Q1,26.46,1.01,1.01,VIABLE,optimal temperature range,1.0
cacao_ccn51,2023-11-16,2023-11-30,2023-11_Q2,26.4,0.86,0.74,VIABLE,optimal temperature range,1.0
cacao_ccn51,2023-12-01,2023-12-15,2023-12_Q1,28.09,0.63,0.39,VIABLE,optimal temperature range,1.0
cacao_ccn51,2023-12-16,2023-12-31,2023-12_Q2,26.81,0.81,0.65,VIABLE,optimal temperature range,1.0
cacao_ccn51,2024-01-01,2024-01-15,2024-01_Q1,27.17,0.38,0.15,VIABLE,optimal temperature range,1.0
cacao_ccn51,2024-01-16,2024-01-31,2024-01_Q2,28.88,0.51,0.26,VIABLE,optimal temperature range,1.0
cacao_ccn51,2024-02-01,2024-02-15,2024-02_Q1,27.22,1.21,1.46,VIABLE,optimal temperature range,1.0
cacao_ccn51,2024-02-16,2024-02-29,2024-02_Q2,28.54,1.14,1.3,VIABLE,optimal temperature range,1.0
cacao_ccn51,2024-03-01,2024-03-15,2024-03_Q1,29.98,0.66,0.44,VIABLE,optimal temperature range,1.0
cacao_ccn51,2024-03-16,2024-03-31,2024-03_Q2,29.03,0.84,0.71,VIABLE,optimal temperature range,1.0
cacao_ccn51,2024-04-01,2024-04-15,2024-04_Q1,29.09,1.42,2.03,VIABLE,optimal temperature range,1.0
cacao_ccn51,2024-04-16,2024-04-30,2024-04_Q2,27.09,1.39,1.94,VIABLE,optimal temperature range,1.0
cacao_ccn51,2024-05-01,2024-05-15,2024-05_Q1,26.88,1.1,1.2,VIABLE,optimal temperature range,1.0
cacao_ccn51,2024-05-16,2024-05-31,2024-05_Q2,27.16,0.94,0.88,VIABLE,optimal temperature range,1.0
cacao_ccn51,2024-06-01,2024-06-15,2024-06_Q1,27.11,0.98,0.95,VIABLE,optimal temperature range,1.0
cacao_ccn51,2024-06-16,2024-06-30,2024-06_Q2,26.06,0.7,0.49,VIABLE,optimal temperature range,1.0
cacao_ccn51,2024-07-01,2024-07-15,2024-07_Q1,26.88,0.99,0.99,VIABLE,optimal temperature range,1.0
cacao_ccn51,2024-07-16,2024-07-31,2024-07_Q2,27.87,0.67,0.45,VIABLE,optimal temperature range,1.0
cacao_ccn51,2024-08-01,2024-08-15,2024-08_Q1,26.73,0.85,0.73,VIABLE,optimal temperature range,1.0
cacao_ccn51,2024-08-16,2024-08-31,2024-08_Q2,27.35,0.87,0.75,VIABLE,optimal temperature range,1.0
cacao_ccn51,2024-09-01,2024-09-15,2024-09_Q1,27.52,0.57,0.33,VIABLE,optimal temperature range,1.0
cacao_ccn51,2024-09-16,2024-09-30,2024-09_Q2,26.79,1.3,1.7,VIABLE,optimal temperature range,1.0
cacao_ccn51,2024-10-01,2024-10-15,2024-10_Q1,26.25,0.75,0.56,VIABLE,optimal temperature range,1.0
cacao_ccn51,2024-10-16,2024-10-31,2024-10_Q2,26.68,0.77,0.59,VIABLE,optimal temperature range,1.0
cacao_ccn51,2024-11-01,2024-11-15,2024-11_Q1,25.57,0.59,0.35,VIABLE,optimal temperature range,1.0
cacao_ccn51,2024-11-16,2024-11-30,2024-11_Q2,25.28,0.71,0.5,VIABLE,optimal temperature range,1.0
cacao_ccn51,2024-12-01,2024-12-15,2024-12_Q1,26.65,0.43,0.19,VIABLE,optimal temperature range,1.0
cacao_ccn51,2024-12-16,2024-12-31,2024-12_Q2,25.82,1.24,1.53,VIABLE,optimal temperature range,1.0
cacao_ccn51,2025-01-01,2025-01-15,2025-01_Q1,25.66,0.75,0.56,VIABLE,optimal temperature range,1.0
cacao_ccn51,2025-01-16,2025-01-31,2025-01_Q2,27.25,0.89,0.79,VIABLE,optimal temperature range,1.0
cacao_ccn51,2025-02-01,2025-02-15,2025-02_Q1,28.13,0.8,0.63,VIABLE,optimal temperature range,1.0
cacao_ccn51,2025-02-16,2025-02-28,2025-02_Q2,26.84,0.86,0.73,VIABLE,optimal temperature range,1.0
cacao_ccn51,2025-03-01,2025-03-15,2025-03_Q1,26.03,0.66,0.43,VIABLE,optimal temperature range,1.0
cacao_ccn51,2025-03-16,2025-03-31,2025-03_Q2,26.5,1.16,1.35,VIABLE,optimal temperature range,1.0
cacao_ccn51,2025-04-01,2025-04-15,2025-04_Q1,26.61,0.99,0.99,VIABLE,optimal temperature range,1.0
cacao_ccn51,2025-04-16,2025-04-30,2025-04_Q2,26.45,1.05,1.09,VIABLE,optimal temperature range,1.0
cacao_ccn51,2025-05-01,2025-05-15,2025-05_Q1,26.36,1.36,1.85,VIABLE,optimal temperature range,1.0
cacao_ccn51,2025-05-16,2025-05-31,2025-05_Q2,26.38,1.19,1.41,VIABLE,optimal temperature range,1.0
cacao_ccn51,2025-06-01,2025-06-15,2025-06_Q1,25.89,0.74,0.55,VIABLE,optimal temperature range,1.0
cacao_ccn51,2025-06-16,2025-06-30,2025-06_Q2,26.2,0.95,0.91,VIABLE,optimal temperature range,1.0
cacao_ccn51,2025-07-01,2025-07-15,2025-07_Q1,26.21,0.89,0.79,VIABLE,optimal temperature range,1.0
cacao_ccn51,2025-07-16,2025-07-31,2025-07_Q2,27.33,0.77,0.59,VIABLE,optimal temperature range,1.0
cacao_ccn51,2025-08-01,2025-08-15,2025-08_Q1,26.59,0.69,0.48,VIABLE,optimal temperature range,1.0
cacao_ccn51,2025-08-16,2025-08-31,2025-08_Q2,26.62,0.85,0.73,VIABLE,optimal temperature range,1.0
cacao_ccn51,2025-09-01,2025-09-15,2025-09_Q1,26.74,0.96,0.92,VIABLE,optimal temperature range,1.0
cacao_ccn51,2025-09-16,2025-09-30,2025-09_Q2,26.5,1.17,1.37,VIABLE,optimal temperature range,1.0
cacao_ccn51,2025-10-01,2025-10-15,2025-10_Q1,25.9,0.8,0.64,VIABLE,optimal temperature range,1.0
cacao_ccn51,2025-10-16,2025-10-31,2025-10_Q2,26.14,0.65,0.42,VIABLE,optimal temperature range,1.0
cacao_ccn51,2025-11-01,2025-11-15,2025-11_Q1,25.75,0.8,0.63,VIABLE,optimal temperature range,1.0
cacao_ccn51,2025-11-16,2025-11-30,2025-11_Q2,25.42,0.6,0.35,VIABLE,optimal temperature range,1.0
cacao_ccn51,2025-12-01,2025-12-15,2025-12_Q1,25.23,0.62,0.38,VIABLE,optimal temperature range,1.0
cacao_ccn51,2025-12-16,2025-12-31,2025-12_Q2,26.13,0.58,0.34,VIABLE,optimal temperature range,1.0
cacao_ccn51,2026-01-01,2026-01-15,2026-01_Q1,24.94,0.6,0.36,VIABLE,optimal temperature range,1.0
cacao_ccn51,2026-01-16,2026-01-31,2026-01_Q2,25.9,0.68,0.47,VIABLE,optimal temperature range,1.0
cacao_ccn51,2026-02-01,2026-02-15,2026-02_Q1,25.3,0.97,0.94,VIABLE,optimal temperature range,1.0
cacao_ccn51,2026-02-16,2026-02-28,2026-02_Q2,25.75,1.14,1.3,VIABLE,optimal temperature range,1.0
cacao_ccn51,2026-03-01,2026-03-15,2026-03_Q1,26.55,0.68,0.46,VIABLE,optimal temperature range,1.0
cacao_ccn51,2026-03-16,2026-03-31,2026-03_Q2,25.92,0.55,0.3,VIABLE,optimal temperature range,1.0
cacao_ccn51,2026-04-01,2026-04-15,2026-04_Q1,26.91,0.66,0.43,VIABLE,optimal temperature range,1.0
cacao_ccn51,2026-04-16,2026-04-30,2026-04_Q2,26.14,0.66,0.44,VIABLE,optimal temperature range,1.0
cacao_ccn51,2026-05-01,2026-05-15,2026-05_Q1,27.55,0.78,0.62,VIABLE,optimal temperature range,1.0
cacao_ccn51,2026-05-16,2026-05-31,2026-05_Q2,27.59,0.74,0.54,VIABLE,optimal temperature range,1.0
cacao_ccn51,2026-06-01,2026-06-15,2026-06_Q1,26.85,1.33,1.77,VIABLE,optimal temperature range,1.0
cacao_ccn51,2026-06-16,2026-06-30,2026-06_Q2,27.37,1.06,1.12,VIABLE,optimal temperature range,1.0
cacao_ccn51,2026-07-01,2026-07-15,2026-07_Q1,28.13,1.01,1.03,VIABLE,optimal temperature range,1.0
cacao_ccn51,2026-07-16,2026-07-31,2026-07_Q2,27.85,1.39,1.93,VIABLE,optimal temperature range,1.0
cacao_ccn51,2026-08-01,2026-08-15,2026-08_Q1,28.75,0.71,0.51,VIABLE,optimal temperature range,1.0
cacao_ccn51,2026-08-16,2026-08-31,2026-08_Q2,27.91,0.98,0.95,VIABLE,optimal temperature range,1.0
